distortion_model: "fisheye"
width: 1920
height: 1080
D: [-0.0208162,0.0107996,-0.00526293,0.000346616]
K: [584.999,0.0,1017.77,0.0,586.018,608.337,0.0,0.0,1]
